<<<<<<< HEAD
610777102610777102610777102610777102610777102610777102610777102610777102610777102610777102610777102610777102610777102610777102610777102610777102610777102610777102610777102610777102610777102610777102610777102610777102610777102610777102610777102610777102610777102610777102610777102610777102610777102
610777102610777102610777102610777102610777102610777102610777102610777102610777102610777102610777102610777102610777102610777102610777102610777102610777102610777102610777102610777102610777102610777102610777102610777102
610777102610777102610777102610777102610777102610777102610777102610777102610777102610777102610777102610777102610777102610777102610777102610777102610777102610777102610777102610777102610777102610777102610777102610777102610777102610777102610777102610777102610777102610777102610777102
610777102610777102610777102610777102610777102610777102610777102610777102610777102610777102610777102610777102610777102610777102610777102610777102610777102610777102610777102610777102610777102610777102610777102610777102610777102
610777102610777102610777102610777102610777102610777102610777102610777102610777102610777102610777102610777102610777102610777102610777102610777102610777102610777102610777102610777102610777102610777102610777102610777102610777102610777102610777102610777102610777102610777102610777102610777102610777102610777102610777102610777102610777102610777102610777102610777102610777102610777102610777102610777102610777102610777102610777102610777102610777102610777102610777102
610777102610777102610777102610777102610777102610777102610777102610777102610777102610777102610777102610777102610777102610777102610777102610777102610777102610777102610777102610777102610777102610777102610777102610777102
610777102610777102610777102610777102610777102610777102610777102610777102610777102610777102610777102610777102610777102610777102610777102610777102610777102610777102610777102610777102610777102610777102610777102610777102610777102610777102610777102610777102610777102610777102610777102
610777102610777102610777102610777102610777102610777102610777102610777102610777102610777102610777102610777102610777102610777102610777102610777102610777102610777102610777102610777102610777102610777102610777102610777102610777102
610777102610777102610777102610777102610777102610777102610777102610777102610777102610777102610777102610777102610777102610777102610777102610777102610777102610777102610777102610777102610777102610777102610777102610777102610777102610777102610777102610777102610777102610777102610777102610777102610777102610777102610777102610777102610777102610777102610777102610777102610777102610777102610777102610777102610777102610777102610777102610777102610777102610777102610777102
610777102610777102610777102610777102610777102610777102610777102610777102610777102610777102610777102610777102610777102610777102610777102610777102610777102610777102610777102610777102610777102610777102610777102610777102
610777102610777102610777102610777102610777102610777102610777102610777102610777102610777102610777102610777102610777102610777102610777102610777102610777102610777102610777102610777102610777102610777102610777102610777102610777102610777102610777102610777102610777102610777102610777102
610777102610777102610777102610777102610777102610777102610777102610777102610777102610777102610777102610777102610777102610777102610777102610777102610777102610777102610777102610777102610777102610777102610777102610777102610777102
610777102610777102610777102610777102610777102610777102610777102610777102610777102610777102610777102610777102610777102610777102610777102610777102610777102610777102610777102610777102610777102610777102610777102610777102610777102610777102610777102610777102610777102610777102610777102610777102610777102610777102610777102610777102610777102610777102610777102610777102610777102610777102610777102610777102610777102610777102610777102610777102610777102610777102610777102
610777102610777102610777102610777102610777102610777102610777102610777102610777102610777102610777102610777102610777102610777102610777102610777102610777102610777102610777102610777102610777102610777102610777102610777102
610777102610777102610777102610777102610777102610777102610777102610777102610777102610777102610777102610777102610777102610777102610777102610777102610777102610777102610777102610777102610777102610777102610777102610777102610777102610777102610777102610777102610777102610777102610777102
610777102610777102610777102610777102610777102610777102610777102610777102610777102610777102610777102610777102610777102610777102610777102610777102610777102610777102610777102610777102610777102610777102610777102610777102610777102
610777102610777102610777102610777102610777102610777102610777102610777102610777102610777102610777102610777102610777102610777102610777102610777102610777102610777102610777102610777102610777102610777102610777102610777102610777102610777102610777102610777102610777102610777102610777102610777102610777102610777102610777102610777102610777102610777102610777102610777102610777102610777102610777102610777102610777102610777102610777102610777102610777102610777102610777102
610777102610777102610777102610777102610777102610777102610777102610777102610777102610777102610777102610777102610777102610777102610777102610777102610777102610777102610777102610777102610777102610777102610777102610777102
610777102610777102610777102610777102610777102610777102610777102610777102610777102610777102610777102610777102610777102610777102610777102610777102610777102610777102610777102610777102610777102610777102610777102610777102610777102610777102610777102610777102610777102610777102610777102
610777102610777102610777102610777102610777102610777102610777102610777102610777102610777102610777102610777102610777102610777102610777102610777102610777102610777102610777102610777102610777102610777102610777102610777102610777102
610777102610777102610777102610777102610777102610777102610777102610777102610777102610777102610777102610777102610777102610777102610777102610777102610777102610777102610777102610777102610777102610777102610777102610777102610777102610777102610777102610777102610777102610777102610777102610777102610777102610777102610777102610777102610777102610777102610777102610777102610777102610777102610777102610777102610777102610777102610777102610777102610777102610777102610777102
610777102610777102610777102610777102610777102610777102610777102610777102610777102610777102610777102610777102610777102610777102610777102610777102610777102610777102610777102610777102610777102610777102610777102610777102
610777102610777102610777102610777102610777102610777102610777102610777102610777102610777102610777102610777102610777102610777102610777102610777102610777102610777102610777102610777102610777102610777102610777102610777102610777102610777102610777102610777102610777102610777102610777102
610777102610777102610777102610777102610777102610777102610777102610777102610777102610777102610777102610777102610777102610777102610777102610777102610777102610777102610777102610777102610777102610777102610777102610777102610777102
610777102610777102610777102610777102610777102610777102610777102610777102610777102610777102610777102610777102610777102610777102610777102610777102610777102610777102610777102610777102610777102610777102610777102610777102610777102610777102610777102610777102610777102610777102610777102610777102610777102610777102610777102610777102610777102610777102610777102610777102610777102610777102610777102610777102610777102610777102610777102610777102610777102610777102610777102
610777102610777102610777102610777102610777102610777102610777102610777102610777102610777102610777102610777102610777102610777102610777102610777102610777102610777102610777102610777102610777102610777102610777102610777102
610777102610777102610777102610777102610777102610777102610777102610777102610777102610777102610777102610777102610777102610777102610777102610777102610777102610777102610777102610777102610777102610777102610777102610777102610777102610777102610777102610777102610777102610777102610777102
610777102610777102610777102610777102610777102610777102610777102610777102610777102610777102610777102610777102610777102610777102610777102610777102610777102610777102610777102610777102610777102610777102610777102610777102610777102
610777102610777102610777102610777102610777102610777102610777102610777102610777102610777102610777102610777102610777102610777102610777102610777102610777102610777102610777102610777102610777102610777102610777102610777102610777102610777102610777102610777102610777102610777102610777102610777102610777102610777102610777102610777102610777102610777102610777102610777102610777102610777102610777102610777102610777102610777102610777102610777102610777102610777102610777102
610777102610777102610777102610777102610777102610777102610777102610777102610777102610777102610777102610777102610777102610777102610777102610777102610777102610777102610777102610777102610777102610777102610777102610777102
610777102610777102610777102610777102610777102610777102610777102610777102610777102610777102610777102610777102610777102610777102610777102610777102610777102610777102610777102610777102610777102610777102610777102610777102610777102610777102610777102610777102610777102610777102610777102
610777102610777102610777102610777102610777102610777102610777102610777102610777102610777102610777102610777102610777102610777102610777102610777102610777102610777102610777102610777102610777102610777102610777102610777102610777102
610777102610777102610777102610777102610777102610777102610777102610777102610777102610777102610777102610777102610777102610777102610777102610777102610777102610777102610777102610777102610777102610777102610777102610777102610777102610777102610777102610777102610777102610777102610777102610777102610777102610777102610777102610777102610777102610777102610777102610777102610777102610777102610777102610777102610777102610777102610777102610777102610777102610777102610777102
610777102610777102610777102610777102610777102610777102610777102610777102610777102610777102610777102610777102610777102610777102610777102610777102610777102610777102610777102610777102610777102610777102610777102610777102
610777102610777102610777102610777102610777102610777102610777102610777102610777102610777102610777102610777102610777102610777102610777102610777102610777102610777102610777102610777102610777102610777102610777102610777102610777102610777102610777102610777102610777102610777102610777102
610777102610777102610777102610777102610777102610777102610777102610777102610777102610777102610777102610777102610777102610777102610777102610777102610777102610777102610777102610777102610777102610777102610777102610777102610777102
610777102610777102610777102610777102610777102610777102610777102610777102610777102610777102610777102610777102610777102610777102610777102610777102610777102610777102610777102610777102610777102610777102610777102610777102610777102610777102610777102610777102610777102610777102610777102610777102610777102610777102610777102610777102610777102610777102610777102610777102610777102610777102610777102610777102610777102610777102610777102610777102610777102610777102610777102
610777102610777102610777102610777102610777102610777102610777102610777102610777102610777102610777102610777102610777102610777102610777102610777102610777102610777102610777102610777102610777102610777102610777102610777102
610777102610777102610777102610777102610777102610777102610777102610777102610777102610777102610777102610777102610777102610777102610777102610777102610777102610777102610777102610777102610777102610777102610777102610777102610777102610777102610777102610777102610777102610777102610777102
610777102610777102610777102610777102610777102610777102610777102610777102610777102610777102610777102610777102610777102610777102610777102610777102610777102610777102610777102610777102610777102610777102610777102610777102610777102
610777102610777102610777102610777102610777102610777102610777102610777102610777102610777102610777102610777102610777102610777102610777102610777102610777102610777102610777102610777102610777102610777102610777102610777102610777102610777102610777102610777102610777102610777102610777102610777102610777102610777102610777102610777102610777102610777102610777102610777102610777102610777102610777102610777102610777102610777102610777102610777102610777102610777102610777102
610777102610777102610777102610777102610777102610777102610777102610777102610777102610777102610777102610777102610777102610777102610777102610777102610777102610777102610777102610777102610777102610777102610777102610777102
610777102610777102610777102610777102610777102610777102610777102610777102610777102610777102610777102610777102610777102610777102610777102610777102610777102610777102610777102610777102610777102610777102610777102610777102610777102610777102610777102610777102610777102610777102610777102
610777102610777102610777102610777102610777102610777102610777102610777102610777102610777102610777102610777102610777102610777102610777102610777102610777102610777102610777102610777102610777102610777102610777102610777102610777102
610777102610777102610777102610777102610777102610777102610777102610777102610777102610777102610777102610777102610777102610777102610777102610777102610777102610777102610777102610777102610777102610777102610777102610777102610777102610777102610777102610777102610777102610777102610777102610777102610777102610777102610777102610777102610777102610777102610777102610777102610777102610777102610777102610777102610777102610777102610777102610777102610777102610777102610777102
610777102610777102610777102610777102610777102610777102610777102610777102610777102610777102610777102610777102610777102610777102610777102610777102610777102610777102610777102610777102610777102610777102610777102610777102
610777102610777102610777102610777102610777102610777102610777102610777102610777102610777102610777102610777102610777102610777102610777102610777102610777102610777102610777102610777102610777102610777102610777102610777102610777102610777102610777102610777102610777102610777102610777102
610777102610777102610777102610777102610777102610777102610777102610777102610777102610777102610777102610777102610777102610777102610777102610777102610777102610777102610777102610777102610777102610777102610777102610777102610777102
610777102610777102610777102610777102610777102610777102610777102610777102610777102610777102610777102610777102610777102610777102610777102610777102610777102610777102610777102610777102610777102610777102610777102610777102610777102610777102610777102610777102610777102610777102610777102610777102610777102610777102610777102610777102610777102610777102610777102610777102610777102610777102610777102610777102610777102610777102610777102610777102610777102610777102610777102
610777102610777102610777102610777102610777102610777102610777102610777102610777102610777102610777102610777102610777102610777102610777102610777102610777102610777102610777102610777102610777102610777102610777102610777102
610777102610777102610777102610777102610777102610777102610777102610777102610777102610777102610777102610777102610777102610777102610777102610777102610777102610777102610777102610777102610777102610777102610777102610777102610777102610777102610777102610777102610777102610777102610777102
610777102610777102610777102610777102610777102610777102610777102610777102610777102610777102610777102610777102610777102610777102610777102610777102610777102610777102610777102610777102610777102610777102610777102610777102610777102
610777102610777102610777102610777102610777102610777102610777102610777102610777102610777102610777102610777102610777102610777102610777102610777102610777102610777102610777102610777102610777102610777102610777102610777102610777102610777102610777102610777102610777102610777102610777102610777102610777102610777102610777102610777102610777102610777102610777102610777102610777102610777102610777102610777102610777102610777102610777102610777102610777102610777102610777102
610777102610777102610777102610777102610777102610777102610777102610777102610777102610777102610777102610777102610777102610777102610777102610777102610777102610777102610777102610777102610777102610777102610777102610777102
610777102610777102610777102610777102610777102610777102610777102610777102610777102610777102610777102610777102610777102610777102610777102610777102610777102610777102610777102610777102610777102610777102610777102610777102610777102610777102610777102610777102610777102610777102610777102
610777102610777102610777102610777102610777102610777102610777102610777102610777102610777102610777102610777102610777102610777102610777102610777102610777102610777102610777102610777102610777102610777102610777102610777102610777102
610777102610777102610777102610777102610777102610777102610777102610777102610777102610777102610777102610777102610777102610777102610777102610777102610777102610777102610777102610777102610777102610777102610777102610777102610777102610777102610777102610777102610777102610777102610777102610777102610777102610777102610777102610777102610777102610777102610777102610777102610777102610777102610777102610777102610777102610777102610777102610777102610777102610777102610777102
610777102610777102610777102610777102610777102610777102610777102610777102610777102610777102610777102610777102610777102610777102610777102610777102610777102610777102610777102610777102610777102610777102610777102610777102
610777102610777102610777102610777102610777102610777102610777102610777102610777102610777102610777102610777102610777102610777102610777102610777102610777102610777102610777102610777102610777102610777102610777102610777102610777102610777102610777102610777102610777102610777102610777102
610777102610777102610777102610777102610777102610777102610777102610777102610777102610777102610777102610777102610777102610777102610777102610777102610777102610777102610777102610777102610777102610777102610777102610777102610777102
610777102610777102610777102610777102610777102610777102610777102610777102610777102610777102610777102610777102610777102610777102610777102610777102610777102610777102610777102610777102610777102610777102610777102610777102610777102610777102610777102610777102610777102610777102610777102610777102610777102610777102610777102610777102610777102610777102610777102610777102610777102610777102610777102610777102610777102610777102610777102610777102610777102610777102610777102
610777102610777102610777102610777102610777102610777102610777102610777102610777102610777102610777102610777102610777102610777102610777102610777102610777102610777102610777102610777102610777102610777102610777102610777102
610777102610777102610777102610777102610777102610777102610777102610777102610777102610777102610777102610777102610777102610777102610777102610777102610777102610777102610777102610777102610777102610777102610777102610777102610777102610777102610777102610777102610777102610777102610777102
610777102610777102610777102610777102610777102610777102610777102610777102610777102610777102610777102610777102610777102610777102610777102610777102610777102610777102610777102610777102610777102610777102610777102610777102610777102
610777102610777102610777102610777102610777102610777102610777102610777102610777102610777102610777102610777102610777102610777102610777102610777102610777102610777102610777102610777102610777102610777102610777102610777102610777102610777102610777102610777102610777102610777102610777102610777102610777102610777102610777102610777102610777102610777102610777102610777102610777102610777102610777102610777102610777102610777102610777102610777102610777102610777102610777102
610777102610777102610777102610777102610777102610777102610777102610777102610777102610777102610777102610777102610777102610777102610777102610777102610777102610777102610777102610777102610777102610777102610777102610777102
610777102610777102610777102610777102610777102610777102610777102610777102610777102610777102610777102610777102610777102610777102610777102610777102610777102610777102610777102610777102610777102610777102610777102610777102610777102610777102610777102610777102610777102610777102610777102
610777102610777102610777102610777102610777102610777102610777102610777102610777102610777102610777102610777102610777102610777102610777102610777102610777102610777102610777102610777102610777102610777102610777102610777102610777102
610777102610777102610777102610777102610777102610777102610777102610777102610777102610777102610777102610777102610777102610777102610777102610777102610777102610777102610777102610777102610777102610777102610777102610777102610777102610777102610777102610777102610777102610777102610777102610777102610777102610777102610777102610777102610777102610777102610777102610777102610777102610777102610777102610777102610777102610777102610777102610777102610777102610777102610777102
610777102610777102610777102610777102610777102610777102610777102610777102610777102610777102610777102610777102610777102610777102610777102610777102610777102610777102610777102610777102610777102610777102610777102610777102
610777102610777102610777102610777102610777102610777102610777102610777102610777102610777102610777102610777102610777102610777102610777102610777102610777102610777102610777102610777102610777102610777102610777102610777102610777102610777102610777102610777102610777102610777102610777102
610777102610777102610777102610777102610777102610777102610777102610777102610777102610777102610777102610777102610777102610777102610777102610777102610777102610777102610777102610777102610777102610777102610777102610777102610777102
610777102610777102610777102610777102610777102610777102610777102610777102610777102610777102610777102610777102610777102610777102610777102610777102610777102610777102610777102610777102610777102610777102610777102610777102610777102610777102610777102610777102610777102610777102610777102610777102610777102610777102610777102610777102610777102610777102610777102610777102610777102610777102610777102610777102610777102610777102610777102610777102610777102610777102610777102
610777102610777102610777102610777102610777102610777102610777102610777102610777102610777102610777102610777102610777102610777102610777102610777102610777102610777102610777102610777102610777102610777102610777102610777102
610777102610777102610777102610777102610777102610777102610777102610777102610777102610777102610777102610777102610777102610777102610777102610777102610777102610777102610777102610777102610777102610777102610777102610777102610777102610777102610777102610777102610777102610777102610777102
610777102610777102610777102610777102610777102610777102610777102610777102610777102610777102610777102610777102610777102610777102610777102610777102610777102610777102610777102610777102610777102610777102610777102610777102610777102
610777102610777102610777102610777102610777102610777102610777102610777102610777102610777102610777102610777102610777102610777102610777102610777102610777102610777102610777102610777102610777102610777102610777102610777102610777102610777102610777102610777102610777102610777102610777102610777102610777102610777102610777102610777102610777102610777102610777102610777102610777102610777102610777102610777102610777102610777102610777102610777102610777102610777102610777102
610777102610777102610777102610777102610777102610777102610777102610777102610777102610777102610777102610777102610777102610777102610777102610777102610777102610777102610777102610777102610777102610777102610777102610777102
610777102610777102610777102610777102610777102610777102610777102610777102610777102610777102610777102610777102610777102610777102610777102610777102610777102610777102610777102610777102610777102610777102610777102610777102610777102610777102610777102610777102610777102610777102610777102
610777102610777102610777102610777102610777102610777102610777102610777102610777102610777102610777102610777102610777102610777102610777102610777102610777102610777102610777102610777102610777102610777102610777102610777102610777102
610777102610777102610777102610777102610777102610777102610777102610777102610777102610777102610777102610777102610777102610777102610777102610777102610777102610777102610777102610777102610777102610777102610777102610777102610777102610777102610777102610777102610777102610777102610777102610777102610777102610777102610777102610777102610777102610777102610777102610777102610777102610777102610777102610777102610777102610777102610777102610777102610777102610777102610777102
610777102610777102610777102610777102610777102610777102610777102610777102610777102610777102610777102610777102610777102610777102610777102610777102610777102610777102610777102610777102610777102610777102610777102610777102
610777102610777102610777102610777102610777102610777102610777102610777102610777102610777102610777102610777102610777102610777102610777102610777102610777102610777102610777102610777102610777102610777102610777102610777102610777102610777102610777102610777102610777102610777102610777102
610777102610777102610777102610777102610777102610777102610777102610777102610777102610777102610777102610777102610777102610777102610777102610777102610777102610777102610777102610777102610777102610777102610777102610777102610777102
610777102610777102610777102610777102610777102610777102610777102610777102610777102610777102610777102610777102610777102610777102610777102610777102610777102610777102610777102610777102610777102610777102610777102610777102610777102610777102610777102610777102610777102610777102610777102610777102610777102610777102610777102610777102610777102610777102610777102610777102610777102610777102610777102610777102610777102610777102610777102610777102610777102610777102610777102
610777102610777102610777102610777102610777102610777102610777102610777102610777102610777102610777102610777102610777102610777102610777102610777102610777102610777102610777102610777102610777102610777102610777102610777102
610777102610777102610777102610777102610777102610777102610777102610777102610777102610777102610777102610777102610777102610777102610777102610777102610777102610777102610777102610777102610777102610777102610777102610777102610777102610777102610777102610777102610777102610777102610777102
610777102610777102610777102610777102610777102610777102610777102610777102610777102610777102610777102610777102610777102610777102610777102610777102610777102610777102610777102610777102610777102610777102610777102610777102610777102
610777102610777102610777102610777102610777102610777102610777102610777102610777102610777102610777102610777102610777102610777102610777102610777102610777102610777102610777102610777102610777102610777102610777102610777102610777102610777102610777102610777102610777102610777102610777102610777102610777102610777102610777102610777102610777102610777102610777102610777102610777102610777102610777102610777102610777102610777102610777102610777102610777102610777102610777102
610777102610777102610777102610777102610777102610777102610777102610777102610777102610777102610777102610777102610777102610777102610777102610777102610777102610777102610777102610777102610777102610777102610777102610777102
610777102610777102610777102610777102610777102610777102610777102610777102610777102610777102610777102610777102610777102610777102610777102610777102610777102610777102610777102610777102610777102610777102610777102610777102610777102610777102610777102610777102610777102610777102610777102
610777102610777102610777102610777102610777102610777102610777102610777102610777102610777102610777102610777102610777102610777102610777102610777102610777102610777102610777102610777102610777102610777102610777102610777102610777102
610777102610777102610777102610777102610777102610777102610777102610777102610777102610777102610777102610777102610777102610777102610777102610777102610777102610777102610777102610777102610777102610777102610777102610777102610777102610777102610777102610777102610777102610777102610777102610777102610777102610777102610777102610777102610777102610777102610777102610777102610777102610777102610777102610777102610777102610777102610777102610777102610777102610777102610777102
610777102610777102610777102610777102610777102610777102610777102610777102610777102610777102610777102610777102610777102610777102610777102610777102610777102610777102610777102610777102610777102610777102610777102610777102
610777102610777102610777102610777102610777102610777102610777102610777102610777102610777102610777102610777102610777102610777102610777102610777102610777102610777102610777102610777102610777102610777102610777102610777102610777102610777102610777102610777102610777102610777102610777102
610777102610777102610777102610777102610777102610777102610777102610777102610777102610777102610777102610777102610777102610777102610777102610777102610777102610777102610777102610777102610777102610777102610777102610777102610777102
610777102610777102610777102610777102610777102610777102610777102610777102610777102610777102610777102610777102610777102610777102610777102610777102610777102610777102610777102610777102610777102610777102610777102610777102610777102610777102610777102610777102610777102610777102610777102610777102610777102610777102610777102610777102610777102610777102610777102610777102610777102610777102610777102610777102610777102610777102610777102610777102610777102610777102610777102
610777102610777102610777102610777102610777102610777102610777102610777102610777102610777102610777102610777102610777102610777102610777102610777102610777102610777102610777102610777102610777102610777102610777102610777102
610777102610777102610777102610777102610777102610777102610777102610777102610777102610777102610777102610777102610777102610777102610777102610777102610777102610777102610777102610777102610777102610777102610777102610777102610777102610777102610777102610777102610777102610777102610777102
610777102610777102610777102610777102610777102610777102610777102610777102610777102610777102610777102610777102610777102610777102610777102610777102610777102610777102610777102610777102610777102610777102610777102610777102610777102
610777102610777102610777102610777102610777102610777102610777102610777102610777102610777102610777102610777102610777102610777102610777102610777102610777102610777102610777102610777102610777102610777102610777102610777102610777102610777102610777102610777102610777102610777102610777102610777102610777102610777102610777102610777102610777102610777102610777102610777102610777102610777102610777102610777102610777102610777102610777102610777102610777102610777102610777102
610777102610777102610777102610777102610777102610777102610777102610777102610777102610777102610777102610777102610777102610777102610777102610777102610777102610777102610777102610777102610777102610777102610777102610777102
610777102610777102610777102610777102610777102610777102610777102610777102610777102610777102610777102610777102610777102610777102610777102610777102610777102610777102610777102610777102610777102610777102610777102610777102610777102610777102610777102610777102610777102610777102610777102
610777102610777102610777102610777102610777102610777102610777102610777102610777102610777102610777102610777102610777102610777102610777102610777102610777102610777102610777102610777102610777102610777102610777102610777102610777102
610777102610777102610777102610777102610777102610777102610777102610777102610777102610777102610777102610777102610777102610777102610777102610777102610777102610777102610777102610777102610777102610777102610777102610777102610777102610777102610777102610777102610777102610777102610777102610777102610777102610777102610777102610777102610777102610777102610777102610777102610777102610777102610777102610777102610777102610777102610777102610777102610777102610777102610777102
610777102610777102610777102610777102610777102610777102610777102610777102610777102610777102610777102610777102610777102610777102610777102610777102610777102610777102610777102610777102610777102610777102610777102610777102
610777102610777102610777102610777102610777102610777102610777102610777102610777102610777102610777102610777102610777102610777102610777102610777102610777102610777102610777102610777102610777102610777102610777102610777102610777102610777102610777102610777102610777102610777102610777102
610777102610777102610777102610777102610777102610777102610777102610777102610777102610777102610777102610777102610777102610777102610777102610777102610777102610777102610777102610777102610777102610777102610777102610777102610777102
610777102610777102610777102610777102610777102610777102610777102610777102610777102610777102610777102610777102610777102610777102610777102610777102610777102610777102610777102610777102610777102610777102610777102610777102610777102610777102610777102610777102610777102610777102610777102610777102610777102610777102610777102610777102610777102610777102610777102610777102610777102610777102610777102610777102610777102610777102610777102610777102610777102610777102610777102
610777102610777102610777102610777102610777102610777102610777102610777102610777102610777102610777102610777102610777102610777102610777102610777102610777102610777102610777102610777102610777102610777102610777102610777102
610777102610777102610777102610777102610777102610777102610777102610777102610777102610777102610777102610777102610777102610777102610777102610777102610777102610777102610777102610777102610777102610777102610777102610777102610777102610777102610777102610777102610777102610777102610777102
610777102610777102610777102610777102610777102610777102610777102610777102610777102610777102610777102610777102610777102610777102610777102610777102610777102610777102610777102610777102610777102610777102610777102610777102610777102
610777102610777102610777102610777102610777102610777102610777102610777102610777102610777102610777102610777102610777102610777102610777102610777102610777102610777102610777102610777102610777102610777102610777102610777102610777102610777102610777102610777102610777102610777102610777102610777102610777102610777102610777102610777102610777102610777102610777102610777102610777102610777102610777102610777102610777102610777102610777102610777102610777102610777102610777102
610777102610777102610777102610777102610777102610777102610777102610777102610777102610777102610777102610777102610777102610777102610777102610777102610777102610777102610777102610777102610777102610777102610777102610777102
610777102610777102610777102610777102610777102610777102610777102610777102610777102610777102610777102610777102610777102610777102610777102610777102610777102610777102610777102610777102610777102610777102610777102610777102610777102610777102610777102610777102610777102610777102610777102
610777102610777102610777102610777102610777102610777102610777102610777102610777102610777102610777102610777102610777102610777102610777102610777102610777102610777102610777102610777102610777102610777102610777102610777102610777102
610777102610777102610777102610777102610777102610777102610777102610777102610777102610777102610777102610777102610777102610777102610777102610777102610777102610777102610777102610777102610777102610777102610777102610777102610777102610777102610777102610777102610777102610777102610777102610777102610777102610777102610777102610777102610777102610777102610777102610777102610777102610777102610777102610777102610777102610777102610777102610777102610777102610777102610777102
610777102610777102610777102610777102610777102610777102610777102610777102610777102610777102610777102610777102610777102610777102610777102610777102610777102610777102610777102610777102610777102610777102610777102610777102
610777102610777102610777102610777102610777102610777102610777102610777102610777102610777102610777102610777102610777102610777102610777102610777102610777102610777102610777102610777102610777102610777102610777102610777102610777102610777102610777102610777102610777102610777102610777102
610777102610777102610777102610777102610777102610777102610777102610777102610777102610777102610777102610777102610777102610777102610777102610777102610777102610777102610777102610777102610777102610777102610777102610777102610777102
610777102610777102610777102610777102610777102610777102610777102610777102610777102610777102610777102610777102610777102610777102610777102610777102610777102610777102610777102610777102610777102610777102610777102610777102610777102610777102610777102610777102610777102610777102610777102610777102610777102610777102610777102610777102610777102610777102610777102610777102610777102610777102610777102610777102610777102610777102610777102610777102610777102610777102610777102
610777102610777102610777102610777102610777102610777102610777102610777102610777102610777102610777102610777102610777102610777102610777102610777102610777102610777102610777102610777102610777102610777102610777102610777102
610777102610777102610777102610777102610777102610777102610777102610777102610777102610777102610777102610777102610777102610777102610777102610777102610777102610777102610777102610777102610777102610777102610777102610777102610777102610777102610777102610777102610777102610777102610777102
610777102610777102610777102610777102610777102610777102610777102610777102610777102610777102610777102610777102610777102610777102610777102610777102610777102610777102610777102610777102610777102610777102610777102610777102610777102
610777102610777102610777102610777102610777102610777102610777102610777102610777102610777102610777102610777102610777102610777102610777102610777102610777102610777102610777102610777102610777102610777102610777102610777102610777102610777102610777102610777102610777102610777102610777102610777102610777102610777102610777102610777102610777102610777102610777102610777102610777102610777102610777102610777102610777102610777102610777102610777102610777102610777102610777102
610777102610777102610777102610777102610777102610777102610777102610777102610777102610777102610777102610777102610777102610777102610777102610777102610777102610777102610777102610777102610777102610777102610777102610777102
610777102610777102610777102610777102610777102610777102610777102610777102610777102610777102610777102610777102610777102610777102610777102610777102610777102610777102610777102610777102610777102610777102610777102610777102610777102610777102610777102610777102610777102610777102610777102
610777102610777102610777102610777102610777102610777102610777102610777102610777102610777102610777102610777102610777102610777102610777102610777102610777102610777102610777102610777102610777102610777102610777102610777102610777102
610777102610777102610777102610777102610777102610777102610777102610777102610777102610777102610777102610777102610777102610777102610777102610777102610777102610777102610777102610777102610777102610777102610777102610777102610777102610777102610777102610777102610777102610777102610777102610777102610777102610777102610777102610777102610777102610777102610777102610777102610777102610777102610777102610777102610777102610777102610777102610777102610777102610777102610777102
610777102610777102610777102610777102610777102610777102610777102610777102610777102610777102610777102610777102610777102610777102610777102610777102610777102610777102610777102610777102610777102610777102610777102610777102
610777102610777102610777102610777102610777102610777102610777102610777102610777102610777102610777102610777102610777102610777102610777102610777102610777102610777102610777102610777102610777102610777102610777102610777102610777102610777102610777102610777102610777102610777102610777102
610777102610777102610777102610777102610777102610777102610777102610777102610777102610777102610777102610777102610777102610777102610777102610777102610777102610777102610777102610777102610777102610777102610777102610777102610777102
610777102610777102610777102610777102610777102610777102610777102610777102610777102610777102610777102610777102610777102610777102610777102610777102610777102610777102610777102610777102610777102610777102610777102610777102610777102610777102610777102610777102610777102610777102610777102610777102610777102610777102610777102610777102610777102610777102610777102610777102610777102610777102610777102610777102610777102610777102610777102610777102610777102610777102610777102
610777102610777102610777102610777102610777102610777102610777102610777102610777102610777102610777102610777102610777102610777102610777102610777102610777102610777102610777102610777102610777102610777102610777102610777102
610777102610777102610777102610777102610777102610777102610777102610777102610777102610777102610777102610777102610777102610777102610777102610777102610777102610777102610777102610777102610777102610777102610777102610777102610777102610777102610777102610777102610777102610777102610777102
610777102610777102610777102610777102610777102610777102610777102610777102610777102610777102610777102610777102610777102610777102610777102610777102610777102610777102610777102610777102610777102610777102610777102610777102610777102
610777102610777102610777102610777102610777102610777102610777102610777102610777102610777102610777102610777102610777102610777102610777102610777102610777102610777102610777102610777102610777102610777102610777102610777102610777102610777102610777102610777102610777102610777102610777102610777102610777102610777102610777102610777102610777102610777102610777102610777102610777102610777102610777102610777102610777102610777102610777102610777102610777102610777102610777102
610777102610777102610777102610777102610777102610777102610777102610777102610777102610777102610777102610777102610777102610777102610777102610777102610777102610777102610777102610777102610777102610777102610777102610777102
610777102610777102610777102610777102610777102610777102610777102610777102610777102610777102610777102610777102610777102610777102610777102610777102610777102610777102610777102610777102610777102610777102610777102610777102610777102610777102610777102610777102610777102610777102610777102
610777102610777102610777102610777102610777102610777102610777102610777102610777102610777102610777102610777102610777102610777102610777102610777102610777102610777102610777102610777102610777102610777102610777102610777102610777102
610777102610777102610777102610777102610777102610777102610777102610777102610777102610777102610777102610777102610777102610777102610777102610777102610777102610777102610777102610777102610777102610777102610777102610777102610777102610777102610777102610777102610777102610777102610777102610777102610777102610777102610777102610777102610777102610777102610777102610777102610777102610777102610777102610777102610777102610777102610777102610777102610777102610777102610777102
610777102610777102610777102610777102610777102610777102610777102610777102610777102610777102610777102610777102610777102610777102610777102610777102610777102610777102610777102610777102610777102610777102610777102610777102
610777102610777102610777102610777102610777102610777102610777102610777102610777102610777102610777102610777102610777102610777102610777102610777102610777102610777102610777102610777102610777102610777102610777102610777102610777102610777102610777102610777102610777102610777102610777102
610777102610777102610777102610777102610777102610777102610777102610777102610777102610777102610777102610777102610777102610777102610777102610777102610777102610777102610777102610777102610777102610777102610777102610777102610777102
610777102610777102610777102610777102610777102610777102610777102610777102610777102610777102610777102610777102610777102610777102610777102610777102610777102610777102610777102610777102610777102610777102610777102610777102610777102610777102610777102610777102610777102610777102610777102610777102610777102610777102610777102610777102610777102610777102610777102610777102610777102610777102610777102610777102610777102610777102610777102610777102610777102610777102610777102
610777102610777102610777102610777102610777102610777102610777102610777102610777102610777102610777102610777102610777102610777102610777102610777102610777102610777102610777102610777102610777102610777102610777102610777102
610777102610777102610777102610777102610777102610777102610777102610777102610777102610777102610777102610777102610777102610777102610777102610777102610777102610777102610777102610777102610777102610777102610777102610777102610777102610777102610777102610777102610777102610777102610777102
610777102610777102610777102610777102610777102610777102610777102610777102610777102610777102610777102610777102610777102610777102610777102610777102610777102610777102610777102610777102610777102610777102610777102610777102610777102
610777102610777102610777102610777102610777102610777102610777102610777102610777102610777102610777102610777102610777102610777102610777102610777102610777102610777102610777102610777102610777102610777102610777102610777102610777102610777102610777102610777102610777102610777102610777102610777102610777102610777102610777102610777102610777102610777102610777102610777102610777102610777102610777102610777102610777102610777102610777102610777102610777102610777102610777102
610777102610777102610777102610777102610777102610777102610777102610777102610777102610777102610777102610777102610777102610777102610777102610777102610777102610777102610777102610777102610777102610777102610777102610777102
610777102610777102610777102610777102610777102610777102610777102610777102610777102610777102610777102610777102610777102610777102610777102610777102610777102610777102610777102610777102610777102610777102610777102610777102610777102610777102610777102610777102610777102610777102610777102
610777102610777102610777102610777102610777102610777102610777102610777102610777102610777102610777102610777102610777102610777102610777102610777102610777102610777102610777102610777102610777102610777102610777102610777102610777102
610777102610777102610777102610777102610777102610777102610777102610777102610777102610777102610777102610777102610777102610777102610777102610777102610777102610777102610777102610777102610777102610777102610777102610777102610777102610777102610777102610777102610777102610777102610777102610777102610777102610777102610777102610777102610777102610777102610777102610777102610777102610777102610777102610777102610777102610777102610777102610777102610777102610777102610777102
610777102610777102610777102610777102610777102610777102610777102610777102610777102610777102610777102610777102610777102610777102610777102610777102610777102610777102610777102610777102610777102610777102610777102610777102
610777102610777102610777102610777102610777102610777102610777102610777102610777102610777102610777102610777102610777102610777102610777102610777102610777102610777102610777102610777102610777102610777102610777102610777102610777102610777102610777102610777102610777102610777102610777102
610777102610777102610777102610777102610777102610777102610777102610777102610777102610777102610777102610777102610777102610777102610777102610777102610777102610777102610777102610777102610777102610777102610777102610777102610777102
610777102610777102610777102610777102610777102610777102610777102610777102610777102610777102610777102610777102610777102610777102610777102610777102610777102610777102610777102610777102610777102610777102610777102610777102610777102610777102610777102610777102610777102610777102610777102610777102610777102610777102610777102610777102610777102610777102610777102610777102610777102610777102610777102610777102610777102610777102610777102610777102610777102610777102610777102
610777102610777102610777102610777102610777102610777102610777102610777102610777102610777102610777102610777102610777102610777102610777102610777102610777102610777102610777102610777102610777102610777102610777102610777102
610777102610777102610777102610777102610777102610777102610777102610777102610777102610777102610777102610777102610777102610777102610777102610777102610777102610777102610777102610777102610777102610777102610777102610777102610777102610777102610777102610777102610777102610777102610777102
610777102610777102610777102610777102610777102610777102610777102610777102610777102610777102610777102610777102610777102610777102610777102610777102610777102610777102610777102610777102610777102610777102610777102610777102610777102
610777102610777102610777102610777102610777102610777102610777102610777102610777102610777102610777102610777102610777102610777102610777102610777102610777102610777102610777102610777102610777102610777102610777102610777102610777102610777102610777102610777102610777102610777102610777102610777102610777102610777102610777102610777102610777102610777102610777102610777102610777102610777102610777102610777102610777102610777102610777102610777102610777102610777102610777102
610777102610777102610777102610777102610777102610777102610777102610777102610777102610777102610777102610777102610777102610777102610777102610777102610777102610777102610777102610777102610777102610777102610777102610777102
610777102610777102610777102610777102610777102610777102610777102610777102610777102610777102610777102610777102610777102610777102610777102610777102610777102610777102610777102610777102610777102610777102610777102610777102610777102610777102610777102610777102610777102610777102610777102
610777102610777102610777102610777102610777102610777102610777102610777102610777102610777102610777102610777102610777102610777102610777102610777102610777102610777102610777102610777102610777102610777102610777102610777102610777102
610777102610777102610777102610777102610777102610777102610777102610777102610777102610777102610777102610777102610777102610777102610777102610777102610777102610777102610777102610777102610777102610777102610777102610777102610777102610777102610777102610777102610777102610777102610777102610777102610777102610777102610777102610777102610777102610777102610777102610777102610777102610777102610777102610777102610777102610777102610777102610777102610777102610777102610777102
610777102610777102610777102610777102610777102610777102610777102610777102610777102610777102610777102610777102610777102610777102610777102610777102610777102610777102610777102610777102610777102610777102610777102610777102
610777102610777102610777102610777102610777102610777102610777102610777102610777102610777102610777102610777102610777102610777102610777102610777102610777102610777102610777102610777102610777102610777102610777102610777102610777102610777102610777102610777102610777102610777102610777102
610777102610777102610777102610777102610777102610777102610777102610777102610777102610777102610777102610777102610777102610777102610777102610777102610777102610777102610777102610777102610777102610777102610777102610777102610777102
610777102610777102610777102610777102610777102610777102610777102610777102610777102610777102610777102610777102610777102610777102610777102610777102610777102610777102610777102610777102610777102610777102610777102610777102610777102610777102610777102610777102610777102610777102610777102610777102610777102610777102610777102610777102610777102610777102610777102610777102610777102610777102610777102610777102610777102610777102610777102610777102610777102610777102610777102
610777102610777102610777102610777102610777102610777102610777102610777102610777102610777102610777102610777102610777102610777102610777102610777102610777102610777102610777102610777102610777102610777102610777102610777102
610777102610777102610777102610777102610777102610777102610777102610777102610777102610777102610777102610777102610777102610777102610777102610777102610777102610777102610777102610777102610777102610777102610777102610777102610777102610777102610777102610777102610777102610777102610777102
610777102610777102610777102610777102610777102610777102610777102610777102610777102610777102610777102610777102610777102610777102610777102610777102610777102610777102610777102610777102610777102610777102610777102610777102610777102
610777102610777102610777102610777102610777102610777102610777102610777102610777102610777102610777102610777102610777102610777102610777102610777102610777102610777102610777102610777102610777102610777102610777102610777102610777102610777102610777102610777102610777102610777102610777102610777102610777102610777102610777102610777102610777102610777102610777102610777102610777102610777102610777102610777102610777102610777102610777102610777102610777102610777102610777102
610777102610777102610777102610777102610777102610777102610777102610777102610777102610777102610777102610777102610777102610777102610777102610777102610777102610777102610777102610777102610777102610777102610777102610777102
610777102610777102610777102610777102610777102610777102610777102610777102610777102610777102610777102610777102610777102610777102610777102610777102610777102610777102610777102610777102610777102610777102610777102610777102610777102610777102610777102610777102610777102610777102610777102
610777102610777102610777102610777102610777102610777102610777102610777102610777102610777102610777102610777102610777102610777102610777102610777102610777102610777102610777102610777102610777102610777102610777102610777102610777102
610777102610777102610777102610777102610777102610777102610777102610777102610777102610777102610777102610777102610777102610777102610777102610777102610777102610777102610777102610777102610777102610777102610777102610777102610777102610777102610777102610777102610777102610777102610777102610777102610777102610777102610777102610777102610777102610777102610777102610777102610777102610777102610777102610777102610777102610777102610777102610777102610777102610777102610777102
610777102610777102610777102610777102610777102610777102610777102610777102610777102610777102610777102610777102610777102610777102610777102610777102610777102610777102610777102610777102610777102610777102610777102610777102
610777102610777102610777102610777102610777102610777102610777102610777102610777102610777102610777102610777102610777102610777102610777102610777102610777102610777102610777102610777102610777102610777102610777102610777102610777102610777102610777102610777102610777102610777102610777102
610777102610777102610777102610777102610777102610777102610777102610777102610777102610777102610777102610777102610777102610777102610777102610777102610777102610777102610777102610777102610777102610777102610777102610777102610777102
610777102610777102610777102610777102610777102610777102610777102610777102610777102610777102610777102610777102610777102610777102610777102610777102610777102610777102610777102610777102610777102610777102610777102610777102610777102610777102610777102610777102610777102610777102610777102610777102610777102610777102610777102610777102610777102610777102610777102610777102610777102610777102610777102610777102610777102610777102610777102610777102610777102610777102610777102
610777102610777102610777102610777102610777102610777102610777102610777102610777102610777102610777102610777102610777102610777102610777102610777102610777102610777102610777102610777102610777102610777102610777102610777102
610777102610777102610777102610777102610777102610777102610777102610777102610777102610777102610777102610777102610777102610777102610777102610777102610777102610777102610777102610777102610777102610777102610777102610777102610777102610777102610777102610777102610777102610777102610777102
610777102610777102610777102610777102610777102610777102610777102610777102610777102610777102610777102610777102610777102610777102610777102610777102610777102610777102610777102610777102610777102610777102610777102610777102610777102
610777102610777102610777102610777102610777102610777102610777102610777102610777102610777102610777102610777102610777102610777102610777102610777102610777102610777102610777102610777102610777102610777102610777102610777102610777102610777102610777102610777102610777102610777102610777102610777102610777102610777102610777102610777102610777102610777102610777102610777102610777102610777102610777102610777102610777102610777102610777102610777102610777102610777102610777102
610777102610777102610777102610777102610777102610777102610777102610777102610777102610777102610777102610777102610777102610777102610777102610777102610777102610777102610777102610777102610777102610777102610777102610777102
610777102610777102610777102610777102610777102610777102610777102610777102610777102610777102610777102610777102610777102610777102610777102610777102610777102610777102610777102610777102610777102610777102610777102610777102610777102610777102610777102610777102610777102610777102610777102
610777102610777102610777102610777102610777102610777102610777102610777102610777102610777102610777102610777102610777102610777102610777102610777102610777102610777102610777102610777102610777102610777102610777102610777102610777102
610777102610777102610777102610777102610777102610777102610777102610777102610777102610777102610777102610777102610777102610777102610777102610777102610777102610777102610777102610777102610777102610777102610777102610777102610777102610777102610777102610777102610777102610777102610777102610777102610777102610777102610777102610777102610777102610777102610777102610777102610777102610777102610777102610777102610777102610777102610777102610777102610777102610777102610777102
610777102610777102610777102610777102610777102610777102610777102610777102610777102610777102610777102610777102610777102610777102610777102610777102610777102610777102610777102610777102610777102610777102610777102610777102
610777102610777102610777102610777102610777102610777102610777102610777102610777102610777102610777102610777102610777102610777102610777102610777102610777102610777102610777102610777102610777102610777102610777102610777102610777102610777102610777102610777102610777102610777102610777102
610777102610777102610777102610777102610777102610777102610777102610777102610777102610777102610777102610777102610777102610777102610777102610777102610777102610777102610777102610777102610777102610777102610777102610777102610777102
610777102610777102610777102610777102610777102610777102610777102610777102610777102610777102610777102610777102610777102610777102610777102610777102610777102610777102610777102610777102610777102610777102610777102610777102610777102610777102610777102610777102610777102610777102610777102610777102610777102610777102610777102610777102610777102610777102610777102610777102610777102610777102610777102610777102610777102610777102610777102610777102610777102610777102610777102
610777102610777102610777102610777102610777102610777102610777102610777102610777102610777102610777102610777102610777102610777102610777102610777102610777102610777102610777102610777102610777102610777102610777102610777102
610777102610777102610777102610777102610777102610777102610777102610777102610777102610777102610777102610777102610777102610777102610777102610777102610777102610777102610777102610777102610777102610777102610777102610777102610777102610777102610777102610777102610777102610777102610777102
610777102610777102610777102610777102610777102610777102610777102610777102610777102610777102610777102610777102610777102610777102610777102610777102610777102610777102610777102610777102610777102610777102610777102610777102610777102
610777102610777102610777102610777102610777102610777102610777102610777102610777102610777102610777102610777102610777102610777102610777102610777102610777102610777102610777102610777102610777102610777102610777102610777102610777102610777102610777102610777102610777102610777102610777102610777102610777102610777102610777102610777102610777102610777102610777102610777102610777102610777102610777102610777102610777102610777102610777102610777102610777102610777102610777102
610777102610777102610777102610777102610777102610777102610777102610777102610777102610777102610777102610777102610777102610777102610777102610777102610777102610777102610777102610777102610777102610777102610777102610777102
610777102610777102610777102610777102610777102610777102610777102610777102610777102610777102610777102610777102610777102610777102610777102610777102610777102610777102610777102610777102610777102610777102610777102610777102610777102610777102610777102610777102610777102610777102610777102
610777102610777102610777102610777102610777102610777102610777102610777102610777102610777102610777102610777102610777102610777102610777102610777102610777102610777102610777102610777102610777102610777102610777102610777102610777102
610777102610777102610777102610777102610777102610777102610777102610777102610777102610777102610777102610777102610777102610777102610777102610777102610777102610777102610777102610777102610777102610777102610777102610777102610777102610777102610777102610777102610777102610777102610777102610777102610777102610777102610777102610777102610777102610777102610777102610777102610777102610777102610777102610777102610777102610777102610777102610777102610777102610777102610777102
610777102610777102610777102610777102610777102610777102610777102610777102610777102610777102610777102610777102610777102610777102610777102610777102610777102610777102610777102610777102610777102610777102610777102610777102
610777102610777102610777102610777102610777102610777102610777102610777102610777102610777102610777102610777102610777102610777102610777102610777102610777102610777102610777102610777102610777102610777102610777102610777102610777102610777102610777102610777102610777102610777102610777102
610777102610777102610777102610777102610777102610777102610777102610777102610777102610777102610777102610777102610777102610777102610777102610777102610777102610777102610777102610777102610777102610777102610777102610777102610777102
610777102610777102610777102610777102610777102610777102610777102610777102610777102610777102610777102610777102610777102610777102610777102610777102610777102610777102610777102610777102610777102610777102610777102610777102610777102610777102610777102610777102610777102610777102610777102610777102610777102610777102610777102610777102610777102610777102610777102610777102610777102610777102610777102610777102610777102610777102610777102610777102610777102610777102610777102
610777102610777102610777102610777102610777102610777102610777102610777102610777102610777102610777102610777102610777102610777102610777102610777102610777102610777102610777102610777102610777102610777102610777102610777102
610777102610777102610777102610777102610777102610777102610777102610777102610777102610777102610777102610777102610777102610777102610777102610777102610777102610777102610777102610777102610777102610777102610777102610777102610777102610777102610777102610777102610777102610777102610777102
610777102610777102610777102610777102610777102610777102610777102610777102610777102610777102610777102610777102610777102610777102610777102610777102610777102610777102610777102610777102610777102610777102610777102610777102610777102
610777102610777102610777102610777102610777102610777102610777102610777102610777102610777102610777102610777102610777102610777102610777102610777102610777102610777102610777102610777102610777102610777102610777102610777102610777102610777102610777102610777102610777102610777102610777102610777102610777102610777102610777102610777102610777102610777102610777102610777102610777102610777102610777102610777102610777102610777102610777102610777102610777102610777102610777102
610777102610777102610777102610777102610777102610777102610777102610777102610777102610777102610777102610777102610777102610777102610777102610777102610777102610777102610777102610777102610777102610777102610777102610777102
610777102610777102610777102610777102610777102610777102610777102610777102610777102610777102610777102610777102610777102610777102610777102610777102610777102610777102610777102610777102610777102610777102610777102610777102610777102610777102610777102610777102610777102610777102610777102
610777102610777102610777102610777102610777102610777102610777102610777102610777102610777102610777102610777102610777102610777102610777102610777102610777102610777102610777102610777102610777102610777102610777102610777102610777102
610777102610777102610777102610777102610777102610777102610777102610777102610777102610777102610777102610777102610777102610777102610777102610777102610777102610777102610777102610777102610777102610777102610777102610777102610777102610777102610777102610777102610777102610777102610777102610777102610777102610777102610777102610777102610777102610777102610777102610777102610777102610777102610777102610777102610777102610777102610777102610777102610777102610777102610777102
610777102610777102610777102610777102610777102610777102610777102610777102610777102610777102610777102610777102610777102610777102610777102610777102610777102610777102610777102610777102610777102610777102610777102610777102
610777102610777102610777102610777102610777102610777102610777102610777102610777102610777102610777102610777102610777102610777102610777102610777102610777102610777102610777102610777102610777102610777102610777102610777102610777102610777102610777102610777102610777102610777102610777102
610777102610777102610777102610777102610777102610777102610777102610777102610777102610777102610777102610777102610777102610777102610777102610777102610777102610777102610777102610777102610777102610777102610777102610777102610777102
610777102610777102610777102610777102610777102610777102610777102610777102610777102610777102610777102610777102610777102610777102610777102610777102610777102610777102610777102610777102610777102610777102610777102610777102610777102610777102610777102610777102610777102610777102610777102610777102610777102610777102610777102610777102610777102610777102610777102610777102610777102610777102610777102610777102610777102610777102610777102610777102610777102610777102610777102
610777102610777102610777102610777102610777102610777102610777102610777102610777102610777102610777102610777102610777102610777102610777102610777102610777102610777102610777102610777102610777102610777102610777102610777102
610777102610777102610777102610777102610777102610777102610777102610777102610777102610777102610777102610777102610777102610777102610777102610777102610777102610777102610777102610777102610777102610777102610777102610777102610777102610777102610777102610777102610777102610777102610777102
610777102610777102610777102610777102610777102610777102610777102610777102610777102610777102610777102610777102610777102610777102610777102610777102610777102610777102610777102610777102610777102610777102610777102610777102610777102
610777102610777102610777102610777102610777102610777102610777102610777102610777102610777102610777102610777102610777102610777102610777102610777102610777102610777102610777102610777102610777102610777102610777102610777102610777102610777102610777102610777102610777102610777102610777102610777102610777102610777102610777102610777102610777102610777102610777102610777102610777102610777102610777102610777102610777102610777102610777102610777102610777102610777102610777102
610777102610777102610777102610777102610777102610777102610777102610777102610777102610777102610777102610777102610777102610777102610777102610777102610777102610777102610777102610777102610777102610777102610777102610777102
610777102610777102610777102610777102610777102610777102610777102610777102610777102610777102610777102610777102610777102610777102610777102610777102610777102610777102610777102610777102610777102610777102610777102610777102610777102610777102610777102610777102610777102610777102610777102
610777102610777102610777102610777102610777102610777102610777102610777102610777102610777102610777102610777102610777102610777102610777102610777102610777102610777102610777102610777102610777102610777102610777102610777102610777102
610777102610777102610777102610777102610777102610777102610777102610777102610777102610777102610777102610777102610777102610777102610777102610777102610777102610777102610777102610777102610777102610777102610777102610777102610777102610777102610777102610777102610777102610777102610777102610777102610777102610777102610777102610777102610777102610777102610777102610777102610777102610777102610777102610777102610777102610777102610777102610777102610777102610777102610777102
610777102610777102610777102610777102610777102610777102610777102610777102610777102610777102610777102610777102610777102610777102610777102610777102610777102610777102610777102610777102610777102610777102610777102610777102
610777102610777102610777102610777102610777102610777102610777102610777102610777102610777102610777102610777102610777102610777102610777102610777102610777102610777102610777102610777102610777102610777102610777102610777102610777102610777102610777102610777102610777102610777102610777102
610777102610777102610777102610777102610777102610777102610777102610777102610777102610777102610777102610777102610777102610777102610777102610777102610777102610777102610777102610777102610777102610777102610777102610777102610777102
610777102610777102610777102610777102610777102610777102610777102610777102610777102610777102610777102610777102610777102610777102610777102610777102610777102610777102610777102610777102610777102610777102610777102610777102610777102610777102610777102610777102610777102610777102610777102610777102610777102610777102610777102610777102610777102610777102610777102610777102610777102610777102610777102610777102610777102610777102610777102610777102610777102610777102610777102
610777102610777102610777102610777102610777102610777102610777102610777102610777102610777102610777102610777102610777102610777102610777102610777102610777102610777102610777102610777102610777102610777102610777102610777102
610777102610777102610777102610777102610777102610777102610777102610777102610777102610777102610777102610777102610777102610777102610777102610777102610777102610777102610777102610777102610777102610777102610777102610777102610777102610777102610777102610777102610777102610777102610777102
610777102610777102610777102610777102610777102610777102610777102610777102610777102610777102610777102610777102610777102610777102610777102610777102610777102610777102610777102610777102610777102610777102610777102610777102610777102
610777102610777102610777102610777102610777102610777102610777102610777102610777102610777102610777102610777102610777102610777102610777102610777102610777102610777102610777102610777102610777102610777102610777102610777102610777102610777102610777102610777102610777102610777102610777102610777102610777102610777102610777102610777102610777102610777102610777102610777102610777102610777102610777102610777102610777102610777102610777102610777102610777102610777102610777102
610777102610777102610777102610777102610777102610777102610777102610777102610777102610777102610777102610777102610777102610777102610777102610777102610777102610777102610777102610777102610777102610777102610777102610777102
610777102610777102610777102610777102610777102610777102610777102610777102610777102610777102610777102610777102610777102610777102610777102610777102610777102610777102610777102610777102610777102610777102610777102610777102610777102610777102610777102610777102610777102610777102610777102
610777102610777102610777102610777102610777102610777102610777102610777102610777102610777102610777102610777102610777102610777102610777102610777102610777102610777102610777102610777102610777102610777102610777102610777102610777102
610777102610777102610777102610777102610777102610777102610777102610777102610777102610777102610777102610777102610777102610777102610777102610777102610777102610777102610777102610777102610777102610777102610777102610777102610777102610777102610777102610777102610777102610777102610777102610777102610777102610777102610777102610777102610777102610777102610777102610777102610777102610777102610777102610777102610777102610777102610777102610777102610777102610777102610777102
610777102610777102610777102610777102610777102610777102610777102610777102610777102610777102610777102610777102610777102610777102610777102610777102610777102610777102610777102610777102610777102610777102610777102610777102
610777102610777102610777102610777102610777102610777102610777102610777102610777102610777102610777102610777102610777102610777102610777102610777102610777102610777102610777102610777102610777102610777102610777102610777102610777102610777102610777102610777102610777102610777102610777102
610777102610777102610777102610777102610777102610777102610777102610777102610777102610777102610777102610777102610777102610777102610777102610777102610777102610777102610777102610777102610777102610777102610777102610777102610777102
610777102610777102610777102610777102610777102610777102610777102610777102610777102610777102610777102610777102610777102610777102610777102610777102610777102610777102610777102610777102610777102610777102610777102610777102610777102610777102610777102610777102610777102610777102610777102610777102610777102610777102610777102610777102610777102610777102610777102610777102610777102610777102610777102610777102610777102610777102610777102610777102610777102610777102610777102
610777102610777102610777102610777102610777102610777102610777102610777102610777102610777102610777102610777102610777102610777102610777102610777102610777102610777102610777102610777102610777102610777102610777102610777102
610777102610777102610777102610777102610777102610777102610777102610777102610777102610777102610777102610777102610777102610777102610777102610777102610777102610777102610777102610777102610777102610777102610777102610777102610777102610777102610777102610777102610777102610777102610777102
610777102610777102610777102610777102610777102610777102610777102610777102610777102610777102610777102610777102610777102610777102610777102610777102610777102610777102610777102610777102610777102610777102610777102610777102610777102
610777102610777102610777102610777102610777102610777102610777102610777102610777102610777102610777102610777102610777102610777102610777102610777102610777102610777102610777102610777102610777102610777102610777102610777102610777102610777102610777102610777102610777102610777102610777102610777102610777102610777102610777102610777102610777102610777102610777102610777102610777102610777102610777102610777102610777102610777102610777102610777102610777102610777102610777102
610777102610777102610777102610777102610777102610777102610777102610777102610777102610777102610777102610777102610777102610777102610777102610777102610777102610777102610777102610777102610777102610777102610777102610777102
610777102610777102610777102610777102610777102610777102610777102610777102610777102610777102610777102610777102610777102610777102610777102610777102610777102610777102610777102610777102610777102610777102610777102610777102610777102610777102610777102610777102610777102610777102610777102
610777102610777102610777102610777102610777102610777102610777102610777102610777102610777102610777102610777102610777102610777102610777102610777102610777102610777102610777102610777102610777102610777102610777102610777102610777102
610777102610777102610777102610777102610777102610777102610777102610777102610777102610777102610777102610777102610777102610777102610777102610777102610777102610777102610777102610777102610777102610777102610777102610777102610777102610777102610777102610777102610777102610777102610777102610777102610777102610777102610777102610777102610777102610777102610777102610777102610777102610777102610777102610777102610777102610777102610777102610777102610777102610777102610777102
610777102610777102610777102610777102610777102610777102610777102610777102610777102610777102610777102610777102610777102610777102610777102610777102610777102610777102610777102610777102610777102610777102610777102610777102
610777102610777102610777102610777102610777102610777102610777102610777102610777102610777102610777102610777102610777102610777102610777102610777102610777102610777102610777102610777102610777102610777102610777102610777102610777102610777102610777102610777102610777102610777102610777102
610777102610777102610777102610777102610777102610777102610777102610777102610777102610777102610777102610777102610777102610777102610777102610777102610777102610777102610777102610777102610777102610777102610777102610777102610777102
610777102610777102610777102610777102610777102610777102610777102610777102610777102610777102610777102610777102610777102610777102610777102610777102610777102610777102
=======
610477206
>>>>>>> 672a466fa20a8e1908732b2c634ae507dfef5f53
